x=0.7548987865448
y=-0.948522627353668
z=0.906868875026703
rx=355.846313476563
ry=72.3842468261719
rz=359.186889648438
fov=41.9026107788086
near=0.01
far=1000
disableStandardAssets=False
frameSkip=0