x=0.333508193492889
y=-0.929692387580872
z=0.834651589393616
rx=356.191986083984
ry=72.2322235107422
rz=359.505004882813
fov=41.8271789550781
near=0.01
far=1000
disableStandardAssets=False
frameSkip=0