x=2.22527194023132
y=-0.61751651763916
z=1.87154996395111
rx=8.71058940887451
ry=259.726501464844
rz=359.180694580078
fov=41.921070098877
near=0.01
far=1000
disableStandardAssets=False
frameSkip=0