x=0.773784875869751
y=-0.918550074100494
z=0.902275025844574
rx=355.850708007813
ry=71.7154388427734
rz=359.263610839844
fov=42.0608711242676
near=0.01
far=1000
disableStandardAssets=False
frameSkip=0